max: 38 ave: 1.01873
maxp: 3900% avep: 193.398%
max: 18 ave: 0.0782137
maxp: 1900% avep: 107.164%
max: 4294967295 ave: 0.158974
maxp: 6500% avep: 108.358%
